[gd_scene format=3 uid="uid://f6b1a2jvgk2g"]

[ext_resource type="PackedScene" uid="uid://dqwgvhqja4eh5" path="res://workplace/devices/computer.tscn" id="1_5vw27"]
[ext_resource type="PackedScene" uid="uid://bxqjni8eaba1d" path="res://workplace/city/city.tscn" id="2_kek77"]
[ext_resource type="PackedScene" uid="uid://ctrmu4hf1p8os" path="res://workplace/journal/journal.tscn" id="3_272bh"]
[ext_resource type="PackedScene" uid="uid://delecmofkykty" path="res://player/player.tscn" id="4_1bvp3"]

[sub_resource type="ProceduralSkyMaterial" id="ProceduralSkyMaterial_7dm0k"]
sky_horizon_color = Color(0.66224277, 0.6717428, 0.6867428, 1)
ground_horizon_color = Color(0.66224277, 0.6717428, 0.6867428, 1)

[sub_resource type="Sky" id="Sky_ig7tw"]
sky_material = SubResource("ProceduralSkyMaterial_7dm0k")

[sub_resource type="Environment" id="Environment_0xm2m"]
background_mode = 2
sky = SubResource("Sky_ig7tw")

[sub_resource type="BoxMesh" id="BoxMesh_dgfsc"]
size = Vector3(2.4, 1, 1.2)

[node name="Main" type="Node" unique_id=759982478]

[node name="WorldEnvironment" type="WorldEnvironment" parent="." unique_id=25665988]
environment = SubResource("Environment_0xm2m")

[node name="DirectionalLight3D" type="DirectionalLight3D" parent="WorldEnvironment" unique_id=580251931]
transform = Transform3D(-0.8660254, -0.43301278, 0.25, 0, 0.49999997, 0.86602545, -0.50000006, 0.75, -0.43301266, 0, 0, 0)
shadow_enabled = true

[node name="Workplace" type="Node3D" parent="." unique_id=1822689884]

[node name="Table" type="MeshInstance3D" parent="Workplace" unique_id=828755010]
transform = Transform3D(1, 0, 0, 0, 1, 0, 0, 0, 1, 0, 0.49860114, 0)
mesh = SubResource("BoxMesh_dgfsc")

[node name="Computer" parent="Workplace/Table" unique_id=245178674 instance=ExtResource("1_5vw27")]
transform = Transform3D(0.7131105, 0, -0.70105165, 0, 1, 0, 0.70105165, 0, 0.7131105, -0.56370914, 0.7124856, -0.19924213)

[node name="City" parent="Workplace/Table" unique_id=1112809287 instance=ExtResource("2_kek77")]
transform = Transform3D(-0.25654855, 0, -0.96653134, 0, 1, 0, 0.96653134, 0, -0.25654855, 0.497828, 0.5140036, -0.21710895)

[node name="Journal" parent="Workplace/Table" unique_id=641495318 instance=ExtResource("3_272bh")]
transform = Transform3D(0.0023499266, 0, -0.9999972, 0, 1, 0, 0.9999972, 0, 0.0023499266, 0.041838408, 0.5140036, 0.386406)

[node name="Player" parent="Workplace" unique_id=872856807 instance=ExtResource("4_1bvp3")]
